0 588 354 588 0 0 354 0 
32 594 375 550 -35 20 329 -20 
52 554 343 407 -27 155 320 -3 
-15 521 169 275 188 319 397 34 
-36 585 -7 298 410 289 400 -12 
116 669 -22 429 421 128 237 -79 
364 624 106 524 264 12 -9 -35 
529 433 266 516 68 22 -174 156 
537 183 383 411 -75 151 -182 404 
392 -12 406 261 -104 334 -39 600 
169 -77 336 137 -19 487 185 667 
-37 -3 217 85 128 553 394 595 
-158 159 104 110 268 523 519 432 
-176 340 37 184 352 433 540 246 
-113 488 27 266 368 329 479 92 
-11 579 59 329 328 249 375 -6 
93 618 114 362 258 206 266 -50 
177 625 177 370 177 196 177 -59 
221 616 245 353 90 218 130 -51 
222 610 325 342 -9 233 128 -47 
187 617 401 388 -88 183 166 -51 
114 622 421 483 -90 87 242 -47 
35 604 382 562 -34 19 320 -20 
