-31 495 361 500 0 0 334 -2
-33 475 362 493 -1 -23 335 -11
-34 414 357 474 -1 -90 331 -32
4 298 308 462 33 -217 290 -48
51 181 257 408 76 -342 247 -109
83 56 223 325 103 -474 220 -200
104 -83 199 226 123 -617 200 -307
120 -232 180 117 137 -767 185 -422
132 -382 165 9 148 -915 173 -536
142 -516 153 -88 156 -1045 163 -635
150 -614 144 -158 163 -1138 156 -706
155 -651 137 -184 168 -1173 152 -733
162 -619 133 -162 173 -1143 148 -711
171 -534 127 -103 180 -1063 143 -650
182 -416 120 -18 189 -948 137 -564
196 -280 111 79 200 -815 129 -463
212 -141 100 178 213 -676 120 -357
231 -8 85 273 229 -539 107 -255
254 115 67 358 249 -412 91 -163
283 224 41 426 274 -296 69 -88
320 325 4 471 307 -188 38 -37
353 424 -35 480 336 -79 6 -25
354 481 -40 491 337 -16 2 -13