0 588 354 588 0 0 354 0
4 590 358 589 4 -2 358 -1
14 594 371 591 14 -6 371 -3
31 600 390 594 31 -12 390 -6
57 609 415 598 57 -21 415 -10
94 619 442 603 94 -31 442 -15
145 631 471 607 145 -43 471 -19
210 643 499 611 210 -55 499 -23
290 655 524 615 290 -67 524 -27
385 666 546 618 385 -78 546 -30
491 673 564 620 491 -85 564 -32
601 677 579 621 601 -89 579 -33
708 675 591 620 708 -87 591 -32
805 669 601 617 805 -81 601 -29
889 661 613 614 889 -73 613 -26
955 650 627 611 955 -62 627 -23
1006 638 642 607 1006 -50 642 -19
1041 627 660 603 1041 -39 660 -15
1064 616 678 600 1064 -28 678 -12
1078 607 696 596 1078 -19 696 -8
1085 599 712 593 1085 -11 712 -5
1088 593 725 591 1088 -5 725 -3
1089 589 733 589 1089 -1 733 -1