0 588 354 588 0 0 354 0
0 590 354 589 0 -2 354 -1
-3 594 355 591 -3 -6 355 -3
-5 600 355 594 -5 -12 355 -6
-6 609 354 598 -6 -21 354 -10
-4 619 349 603 -4 -31 349 -15
2 631 339 607 2 -43 339 -19
16 643 323 611 16 -55 323 -23
38 655 300 615 38 -67 300 -27
69 666 271 618 69 -78 271 -30
108 673 236 620 108 -85 236 -32
154 677 197 621 154 -89 197 -33
200 675 157 620 200 -87 157 -32
245 669 119 617 245 -81 119 -29
283 661 84 614 283 -73 84 -26
314 650 55 611 314 -62 55 -23
336 638 33 607 336 -50 33 -19
349 627 17 603 349 -39 17 -15
356 616 7 600 356 -28 7 -12
359 607 1 596 359 -19 1 -8
358 599 -1 593 358 -11 -1 -5
356 593 -1 591 356 -5 -1 -3
354 589 0 589 354 -1 0 -1