0 588 354 588 0 0 354 0 
0 589 354 589 -1 -2 355 -2 
-1 590 355 590 -3 -6 357 -6 
-2 589 356 589 -8 -11 362 -11 
-4 585 358 585 -14 -15 368 -15 
-5 576 359 576 -22 -14 376 -14 
-7 558 361 558 -31 -5 385 -5 
-8 530 362 530 -40 16 394 16 
-9 492 363 492 -49 52 403 52 
-10 444 364 444 -58 105 412 105 
-10 388 364 388 -64 173 418 173 
-10 326 364 326 -67 253 421 253 
-9 262 363 262 -65 335 419 335 
-8 201 362 201 -61 413 415 413 
-7 145 361 145 -54 480 408 480 
-6 98 360 98 -46 532 400 532 
-5 61 359 61 -37 567 391 567 
-4 33 358 33 -28 589 382 589 
-3 15 357 15 -20 599 374 599 
-2 5 356 5 -13 600 367 600 
-1 0 355 0 -7 598 361 598 
0 -1 354 -1 -3 593 357 593 
0 -1 354 -1 0 590 354 590 
