0 588 354 588 0 0 354 0
11 594 364 582 -10 6 343 -6
41 609 391 562 -37 26 313 -21
93 627 431 525 -77 63 261 -39
165 637 474 466 -120 122 189 -49
252 629 508 385 -154 203 102 -41
347 592 520 284 -166 304 7 -4
435 520 498 173 -144 415 -81 68
498 415 435 67 -81 521 -144 173
520 286 332 -12 22 600 -166 302
490 154 201 -48 153 636 -136 434
410 42 64 -30 290 618 -56 546
290 -30 -56 42 410 546 64 618
153 -48 -136 154 490 434 201 636
22 -12 -166 286 520 302 332 600
-81 67 -144 415 498 173 435 521
-144 173 -81 520 435 68 498 415
-166 284 7 592 347 -4 520 304
-154 385 102 629 252 -41 508 203
-120 466 189 637 165 -49 474 122
-77 525 261 627 93 -39 431 63
-37 562 313 609 41 -21 391 26
-10 582 343 594 11 -6 364 6